0000000000000000000000000000000000000000
0000000000000000000000000000000012121000
0000000022111100000000000000000000021000
0000000021111100000000000000001100011000
0000000011111100000000000000002400011000
0000000011111100000000000000002200022000
0000000011111100000000000000014511111000
0000000000001200000000000000013311111000
0033345600000000000000000011223000441000
0033433600000000000000000000110000021000
0043333600000000000000000000000000031000
0011111211120000000000000000000000010000
0011111222110000000000000000000000010000
0000000111110000000011121100000010000000
0000000000000000000022222220000010000000
0000000000000000000022322210000000000000
0000000000000000000022222310000000000000
0000000000000000000023323310000000000000
0000000000000000000033233210000000000000
0000000000000000000033232210000000000000
0000000000000001222460001110000000000000
0000000000000001322450001120000000000000
0000000000000001223540001120000000000000
0000000000000000121344442210000000000000
0000000000000000222233331120000000000000
0000000000000000111243321221111200000000
0001112200000000111122421221111200000000
0023322200000000000000000222333400000000
0012322211110000000000000000033410000000
0013353311110000000000000000000010000000
0015344311120000000000000000000010000000
0014544422220000000000000000000010000000
0000100003332320000000000011000133323120
0000100004432220000000000000000023212110
0000000000021210000000000000000000111210
0000000000011110000000000000000000111110
0000000000000000000000000000000000211110
0000000000000000000000000000000021111110
0000000000000000000000000000000011111210
0000000000000000000000000000000000000000
