0000000000000000000000000000000000000000
0000001100000000000000000111212111110000
0000001400000000000000000211111111110000
0000001311112100000000000111111211110000
0000001312211100000000000111110002210000
0000001311111200000000000111110001120000
0000002433221100000000000111110001110000
0000000045200000000000000121111311110000
0112300011100000000000000132322432210000
0001100021100000000000000122332000110000
0001111211200000000000000211111000110000
0001111200000000000000000000000000110000
0002111200000000000000000000000000110000
0001111200000022111200000000000012110000
0000000000000012223300000000000000000000
0000000000000012224410000000000000000000
0000000000000012224310000000000000000000
0000000000000012234510000000000000000000
0000000000000123400010000000000000000000
0000000000000135400010000000000000000000
0000000000000133300000100000000000000000
0000000000000222200000100000000000000000
0000000000000122320000100000000000000000
0000000000000132220000100000000000000000
0000000000000222224312100000000000000000
0000111100000122223300000000000011000000
0000111100000000000000000000000011000000
0000111100000000000000000000000023100000
0000111132430000000000000000000023100000
0000110000350000000000000000000023100000
0000110000300000000000000000000054200000
0000110000500000000000000000000056311200
0223434532200000000000000003000020000000
0222222333321200000000000002000020000000
0111112222221100000000000003000010000000
0111111122332100000000000000000020000000
0211111122421100000000000000004310000000
0111121100000000000000000000002210000000
0121111100000000000000000000001200000000
0000000000000000000000000000000000000000
